2.372705856098404453e+00
2.432430020796752856e+00
7.772233601407590342e+00
2.250859784646366268e+00
5.461649652062875226e+00
3.088943795964470773e+00
5.972416469834840314e-02
5.339803580610837486e+00
5.521373816761223630e+00
7.712509436709241939e+00
5.339803580610837486e+00
5.521373816761223630e+00
7.712509436709241939e+00
3.088943795964470773e+00
5.972416469834840314e-02
2.432430020796752856e+00
7.772233601407590342e+00
2.250859784646366268e+00
5.461649652062875226e+00
2.372705856098404453e+00
